"THETA"= 25
"PHI"= 25
"A0" = 0.250236492915745
"A1" = 0.2496592870602803
"B0" = 0.5591382141232927
"B1" = 0.5581666265579283
"B2" = 0.559393565791922
"B3" = 0.5582496337048435
"B4" = 0.5590195579140136
"B5" = 0.5589568805398694
"C0" = 0.9009843279267108
"C1" = 0.9028237285634917
"C2" = 0.9010889074062941
"D0" = 0.9241157610080546
"D1" = 0.924427510570291
