THETA = 25
PHI = 25
"A0" = 52.06389431423672
"A1" = 52.06321825492526
"B0" = 115.83704824873404
"B1" = 115.83606825364832
"B2" = 115.83686130589875
"B3" = 115.83682262051038
"B4" = 115.83695862925926
"B5" = 115.8366864996616
"C0" = 186.9119780909155
"C1" = 186.91176139098482
"C2" = 186.91134306762333
"D0" = 189.79144231119025
"D1" = 189.7914406590211
